	СТАЖ РАБОТЫ (лет)	ВРЕМЯ, ЗАТРАЧЕННОЕ НА ОБРАЗОВАНИЕ (лет)	ПОЛ (1-жен, 0- муж)	Зарплата (долл. в час)
0	22.3846149445	12	0	53.4099998474
1	8.903845787	12	0	8.0
2	13.25	15	0	24.0
3	18.25	13	0	29.5
4	13.7692308426	18	0	32.0499992371
5	11.6923074722	16	0	14.7299995422
6	19.4807701111	14	0	13.0
7	15.2307691574	12	0	11.25
8	14.365385055499999	12	0	18.0100002289
9	22.0384616852	12	0	11.779999733
10	16.3846149445	17	0	27.2999992371
11	18.8846149445	8	0	16.0
12	16.0769233704	16	0	29.4500007629
13	13.2884616852	18	0	23.0699996948
14	17.3076915741	19	0	55.0499992371
15	22.4038467407	12	0	12.3000001907
16	10.865385055499999	20	0	109.6100006104
17	22.5769233704	12	0	28.8400001526
18	20.2884616852	16	0	17.6200008392
19	18.5576915741	12	0	14.1599998474
20	15.153845787	16	0	21.8700008392
21	16.5	12	0	11.3500003815
22	13.884614944500001	12	0	11.4200000763
23	21.5769233704	11	0	21.7299995422
24	22.6923084259	12	0	16.0
25	19.4423084259	16	0	28.2000007629
26	16.3846149445	20	0	30.5499992371
27	23.1538467407	12	0	15.3400001526
28	20.3846149445	12	0	14.0
29	19.2307701111	12	0	15.0
30	13.2307691574	15	0	8.6099996567
31	23.3846149445	12	0	21.5
32	16.9038467407	12	0	7.5
33	7.0192308426	18	0	21.9200000763
34	22.5576915741	12	0	14.1000003815
35	9.615385055499999	12	0	15.75
36	23.0	13	0	20.1900005341
37	18.0384616852	16	0	8.3000001907
38	20.6346149445	12	0	9.6099996567
39	21.4807701111	14	0	26.4400005341
40	23.0384616852	12	0	21.3899993896
41	22.2884616852	12	0	41.25
42	11.2692308426	17	0	25.0
43	20.4807701111	15	0	19.3500003815
44	15.615385055499999	14	0	21.3600006104
45	15.5	17	0	39.8600006104
46	17.2307701111	16	0	38.4599990845
47	21.0384616852	14	0	12.5
48	14.596154213	17	0	10.0
49	11.9230766296	16	0	19.2299995422
50	17.7307701111	13	0	18.75
51	20.2115383148	12	0	10.0
52	14.653845787	16	0	29.2399997711
53	15.403845787	17	0	59.0
54	21.2307701111	12	0	10.0
55	9.5192308426	12	0	5.1500000954
56	14.153845787	20	0	54.4799995422
57	20.4230766296	13	0	26.7000007629
58	15.7884616852	16	0	19.7999992371
59	21.9230766296	12	0	19.0
60	20.4423084259	12	0	16.9099998474
61	21.3653850555	12	0	12.0
62	12.1730766296	12	0	6.0
63	13.596154213	10	0	7.5
64	18.9807701111	16	0	31.4599990845
65	23.0961532593	12	0	19.8700008392
66	22.8269233704	12	0	20.9400005341
67	12.7307691574	17	0	18.1900005341
68	10.653845787	18	0	15.3800001144
69	18.3846149445	13	0	25.0
70	22.6730766296	13	0	29.3199996948
71	18.8461532593	12	0	8.7700004578
72	17.8846149445	16	0	38.4599990845
73	17.9615383148	19	0	47.0
74	3.0192308426	12	0	17.2999992371
75	22.7307701111	12	0	23.1499996185
76	15.4615383148	12	0	11.0
77	14.1923074722	17	0	27.0400009155
78	13.9615383148	16	0	27.0
79	22.7692298889	12	0	11.3000001907
80	18.5769233704	13	0	25.0
81	23.2307701111	12	0	75.5800018311
82	12.25	14	0	25.1200008392
83	19.1346149445	12	0	12.75
84	17.3461532593	12	0	24.0
85	17.5576915741	12	0	13.3299999237
86	20.0384616852	12	0	20.0
87	17.1346149445	12	0	11.0
88	18.75	16	0	35.0200004578
89	20.7307701111	15	0	9.6999998093
90	23.1730766296	12	0	24.7800006866
91	16.6923084259	15	0	17.5
92	20.8076915741	13	0	20.6800003052
93	15.5192308426	16	0	23.1700000763
94	23.3076915741	12	0	19.4599990845
95	16.6346149445	16	0	16.8199996948
96	16.9230766296	14	0	9.6800003052
97	16.2884616852	13	0	13.0
98	18.5	16	0	76.9199981689
99	13.403845787	16	0	16.6599998474
100	17.3076915741	12	0	5.0
101	23.25	13	0	26.2199993134
102	18.9038467407	18	0	63.4599990845
103	23.1153850555	12	0	13.9399995804
104	21.0769233704	12	0	7.6900000572
105	19.4038467407	12	0	40.5900001526
106	21.4230766296	9	0	6.4800000191
107	18.3461532593	14	0	25.9599990845
108	13.903845787	18	0	57.2599983215
109	15.653845787	16	0	24.6700000763
110	21.6730766296	12	0	14.25
111	16.5	9	0	7.2100000381
112	19.5576915741	14	0	34.1800003052
113	15.4807691574	12	0	24.0300006866
114	22.7692298889	12	0	32.0499992371
115	15.6730766296	20	0	14.0500001907
116	15.2307691574	19	0	16.8199996948
117	21.1538467407	16	0	44.3199996948
118	9.0769233704	12	0	7.5
119	21.1346149445	16	0	10.6700000763
120	15.5576925278	14	0	14.2100000381
121	22.4230766296	12	0	9.3699998856
122	17.5	15	0	36.0499992371
123	19.3269233704	12	0	13.3400001526
124	21.5576915741	12	0	19.2299995422
125	19.5384616852	16	0	15.6599998474
126	19.4615383148	12	0	14.5
127	21.9423084259	12	0	13.6499996185
128	20.5192298889	12	0	13.8000001907
129	9.25	18	0	44.1800003052
130	18.6730766296	14	0	33.6500015259
131	14.2307691574	13	0	15.0
132	17.9807701111	16	0	26.9200000763
133	14.596154213	16	0	57.6899986267
134	22.0769233704	13	0	113.9599990845
135	22.1730766296	12	0	33.2200012207
136	18.3269233704	17	0	40.1399993896
137	16.8653850555	20	0	22.1800003052
138	16.7307701111	12	0	16.25
139	18.2884616852	14	0	15.0
140	16.4423084259	16	0	8.8800001144
141	22.4807701111	12	0	16.0
142	17.0	14	0	18.0
143	22.6346149445	12	0	11.3199996948
144	22.3076915741	13	0	18.5
145	21.75	12	0	25.0
146	19.1538467407	16	0	38.4599990845
147	22.1730766296	12	0	45.3499984741
148	22.9807701111	12	0	26.8199996948
149	21.0192298889	12	0	12.3999996185
150	19.0192298889	12	0	12.8299999237
151	17.0769233704	16	0	16.1100006104
152	18.5576915741	16	0	30.0
153	18.8461532593	12	0	15.2299995422
154	17.9423084259	12	0	19.2299995422
155	21.1538467407	16	0	18.9799995422
156	8.6923074722	16	0	27.0900001526
157	9.7307691574	12	0	19.2299995422
158	12.9615383148	15	0	2.5
159	21.0384616852	12	0	16.6200008392
160	9.25	18	0	22.3899993896
161	22.7884616852	12	0	28.7900009155
162	21.2884616852	12	0	33.2200012207
163	19.0576915741	12	0	15.0399999619
164	23.2115383148	12	0	11.0
165	10.903845787	15	0	39.5299987793
166	20.8269233704	14	0	31.25
167	15.365385055499999	12	0	18.5599994659
168	14.0769233704	9	0	9.0
169	8.2307691574	19	0	32.6899986267
170	22.8461532593	12	0	17.2999992371
171	18.1346149445	15	0	15.6899995804
172	15.2692308426	8	0	8.0
173	19.2115383148	13	0	14.0
174	19.8461532593	12	0	26.2199993134
175	18.7307701111	18	0	24.5
176	20.1923084259	16	0	105.6999969482
177	20.3076915741	12	0	15.0
178	21.4807701111	13	0	15.8599996567
179	19.3076915741	12	0	21.2299995422
180	11.865385055499999	18	0	50.1599998474
181	15.596154213	16	0	35.0400009155
182	16.0769233704	12	0	9.4099998474
183	20.7884616852	8	0	18.0
184	21.7307701111	16	0	41.0200004578
185	20.8653850555	12	0	10.0
186	21.1153850555	12	0	65.1100006104
187	19.3653850555	12	0	25.8999996185
188	18.0961532593	12	0	17.75
189	18.8076915741	12	0	16.5
190	21.4230766296	12	0	12.1899995804
191	19.7307701111	16	0	25.6399993896
192	17.4807701111	10	0	14.0
193	15.653845787	15	0	28.8400001526
194	14.653845787	12	0	13.25
195	19.9230766296	16	0	18.75
196	15.0192308426	17	0	33.6500015259
197	11.9423074722	16	0	26.4899997711
198	21.6923084259	10	0	13.7299995422
199	17.0576915741	12	0	10.7600002289
200	17.6730766296	12	0	15.5500001907
201	19.5961532593	12	0	15.6000003815
202	19.9038467407	16	0	17.0
203	15.2307691574	12	0	12.0
204	21.6923084259	13	0	30.0
205	17.4038467407	20	0	41.1500015259
206	17.6538467407	12	0	13.0
207	18.4615383148	12	0	8.0
208	19.8846149445	14	0	11.6400003433
209	19.2692298889	12	0	17.5
210	15.346154213	9	0	6.5
211	20.0769233704	15	0	18.6000003815
212	21.1153850555	12	0	18.75
213	9.75	12	0	8.0
214	17.3076915741	12	0	17.7999992371
215	19.1538467407	12	0	8.9300003052
216	22.9615383148	12	0	10.6499996185
217	10.9423074722	14	0	15.6199998856
218	22.0576915741	12	0	9.0900001526
219	14.0769233704	12	0	10.5
220	16.5192298889	12	0	3.75
221	23.1153850555	12	0	11.5399999619
222	17.1538467407	12	0	21.6299991608
223	22.0769233704	13	0	21.3600006104
224	22.75	15	0	27.7700004578
225	21.4615383148	12	0	24.0
226	13.346154213	20	0	44.8699989319
227	16.5384616852	17	0	13.8999996185
228	12.634614944500001	16	0	31.4599990845
229	20.1730766296	12	0	15.0
230	20.2692298889	13	0	20.5
231	16.0961532593	17	0	20.1900005341
232	21.7307701111	15	0	16.1499996185
233	15.7692308426	12	0	17.0
234	17.8653850555	12	0	8.3999996185
235	13.9807691574	18	0	48.0699996948
236	22.7884616852	12	0	13.2700004578
237	17.1346149445	8	0	18.6599998474
238	20.0384616852	12	0	9.1999998093
239	20.0769233704	9	0	8.5
240	17.7692298889	12	0	13.5
241	17.4423084259	12	0	26.5
242	17.2692298889	16	0	33.2099990845
243	20.0192298889	16	0	69.2300033569
244	16.8269233704	16	0	30.6200008392
245	15.3269233704	12	0	9.8000001907
246	18.5769233704	12	0	17.5
247	19.2307701111	12	0	42.2999992371
248	14.365385055499999	15	0	22.1100006104
249	13.3269233704	18	0	21.6299991608
250	20.5961532593	12	0	11.8100004196
251	18.9615383148	14	0	39.9099998474
252	22.2692298889	12	0	21.0
253	23.3653850555	12	0	19.5900001526
254	21.0961532593	9	0	25.0
255	19.0961532593	16	0	19.2299995422
256	14.3076925278	16	0	33.6500015259
257	22.75	12	0	15.5
258	13.4807691574	16	0	66.1399993896
259	12.884614944500001	16	0	15.8100004196
260	11.7307691574	20	0	48.0699996948
261	22.4230766296	12	0	17.2999992371
262	20.6923084259	12	0	10.1999998093
263	21.9807701111	13	0	22.75
264	19.4615383148	9	0	20.8299999237
265	6.2115383148	12	0	16.4200000763
266	16.9038467407	16	0	44.7099990845
267	1.788461566	19	0	37.1100006104
268	12.5769233704	12	0	25.0
269	17.7692298889	18	0	16.5300006866
